[ PATNUM        ] : 9         
[ cg_en         ] : NO cg_en

[ img matrix (down) ]
       0   1   2   3   4   5 
_____________________________
  0 | 24 183 203 100 233 174 
  1 | 37 127 122 209 176  32 
  2 |134  85  10  95   5  55 
  3 |253 122 195 105   5 109 
  4 |218 228 191 118   6 148 
  5 | 37 115 223  39 192  31 


[ ker matrix ]
       0   1   2 
_________________
  0 |134 236  21 
  1 |189 172 167 
  2 |  9  53 130 


[ convolution matrix(down) ]
           0       1       2       3 
_____________________________________
  0 | 106889  168065  149868  155429 
  1 | 113201  108932   96403  113594 
  2 | 178468  117393   88368   74593 
  3 | 214522  178147  137446   80146 


[ quantization matrix(down) ]
        0    1    2    3 
_________________________
  0 |  46   73   65   67 
  1 |  49   47   42   49 
  2 |  77   51   38   32 
  3 |  93   77   59   34 


[ max-pooling matrix(down) ]
        0    1 
_______________
  0 |  73   67 
  1 |  93   59 


[ weight matrix ]
       0   1 
_____________
  0 |158 184 
  1 |121 174 


[ fully connected vector(down) ]
_____________
  0 | 19641 
  1 | 25090 
  2 | 21833 
  3 | 27378 


[ quant. vector(down) ]
_____________
  0 | 38 
  1 | 49 
  2 | 42 
  3 | 53 


[ L1_distance ] :         22
[ golden_out  ] :         22
[ your_out    ] :          0


