[ PATNUM        ] : 9         
[ cg_en         ] : NO cg_en

[ img matrix (up) ]
       0   1   2   3   4   5 
_____________________________
  0 | 67  43 151 116 117  65 
  1 |227 142  96 147  66   9 
  2 |235  66  46  56 192  23 
  3 | 11 103  56 115 205 240 
  4 |179 151 252 181  71  80 
  5 | 19   0 216   3  72 186 


[ ker matrix ]
       0   1   2 
_________________
  0 |134 236  21 
  1 |189 172 167 
  2 |  9  53 130 


[ convolution matrix(up) ]
           0       1       2       3 
_____________________________________
  0 | 117249  122045  132859   98829 
  1 | 142233   93354  132581  126012 
  2 | 119553  107425  109102  166166 
  3 | 157096  143381  141029  156634 


[ quantization matrix(up) ]
        0    1    2    3 
_________________________
  0 |  51   53   57   43 
  1 |  61   40   57   54 
  2 |  52   46   47   72 
  3 |  68   62   61   68 


[ max-pooling matrix(up) ]
        0    1 
_______________
  0 |  61   57 
  1 |  68   72 


[ weight matrix ]
       0   1 
_____________
  0 |158 184 
  1 |121 174 


[ fully connected vector(up) ]
_____________
  0 | 16535 
  1 | 21142 
  2 | 19456 
  3 | 25040 


[ quant. vector(up) ]
_____________
  0 | 32 
  1 | 41 
  2 | 38 
  3 | 49 


[ L1_distance ] :         22
[ golden_out  ] :         22
[ your_out    ] :          0


