[ PATNUM        ] : 5         
[ cg_en         ] : NO cg_en

[ img matrix (down) ]
       0   1   2   3   4   5 
_____________________________
  0 |217  27 109 155 240  75 
  1 |120 123 125 137  83 134 
  2 |133  10 136  89 174 171 
  3 |230 191  54 118  97 174 
  4 |200  21 220  42  58  36 
  5 |208   0  26  91 211 102 


[ ker matrix ]
       0   1   2 
_________________
  0 | 69  46 162 
  1 |158  91 253 
  2 | 78 125 159 


[ convolution matrix(down) ]
           0       1       2       3 
_____________________________________
  0 | 128899  129388  156146  152867 
  1 | 140921  113314  136367  157133 
  2 | 152257  122126  117109  129590 
  3 | 142933   86462  125076  111505 


[ quantization matrix(down) ]
        0    1    2    3 
_________________________
  0 |  56   56   68   66 
  1 |  61   49   59   68 
  2 |  66   53   51   56 
  3 |  62   37   54   48 


[ max-pooling matrix(down) ]
        0    1 
_______________
  0 |  61   68 
  1 |  66   56 


[ weight matrix ]
       0   1 
_____________
  0 |197 112 
  1 |238  66 


[ fully connected vector(down) ]
_____________
  0 | 28201 
  1 | 11320 
  2 | 26330 
  3 | 11088 


[ quant. vector(down) ]
_____________
  0 | 55 
  1 | 22 
  2 | 51 
  3 | 21 


[ L1_distance ] :         43
[ golden_out  ] :         43
[ your_out    ] :        112


