[ PATNUM        ] : 5         
[ cg_en         ] : NO cg_en

[ img matrix (up) ]
       0   1   2   3   4   5 
_____________________________
  0 | 71  57   5  74  63  25 
  1 | 85  14 235 155  43 126 
  2 |209  81  88 108  36 194 
  3 |249 210 155  47 247 212 
  4 |157 195 240  22 220  25 
  5 |116 120  65  45 172  51 


[ ker matrix ]
       0   1   2 
_________________
  0 | 69  46 162 
  1 |158  91 253 
  2 | 78 125 159 


[ convolution matrix(up) ]
           0       1       2       3 
_____________________________________
  0 | 122909  113453  102157  116105 
  1 | 177553  128244  120389  170756 
  2 | 204851  135017  164580  157266 
  3 | 189605  112090  186496  111889 


[ quantization matrix(up) ]
        0    1    2    3 
_________________________
  0 |  53   49   44   50 
  1 |  77   55   52   74 
  2 |  89   58   71   68 
  3 |  82   48   81   48 


[ max-pooling matrix(up) ]
        0    1 
_______________
  0 |  77   74 
  1 |  89   81 


[ weight matrix ]
       0   1 
_____________
  0 |197 112 
  1 |238  66 


[ fully connected vector(up) ]
_____________
  0 | 32781 
  1 | 13508 
  2 | 36811 
  3 | 15314 


[ quant. vector(up) ]
_____________
  0 | 64 
  1 | 26 
  2 | 72 
  3 | 30 


[ L1_distance ] :         43
[ golden_out  ] :         43
[ your_out    ] :        112


