[ PAT NO. 121 ]

[ Weight U ]

-896.5071411133 451693.2187500000 -2086661376.0000000000 

1017947328.0000000000 42122.6523437500 0.0000000350 

-11.9364824295 0.0000002461 0.7001781464 

[ Weight W ]

-21.3578128815 -0.0000000032 1844584832.0000000000 

1855663.8750000000 -6881.0170898438 0.0000000021 

7090.1259765625 -32646984.0000000000 1541395.1250000000 

[ Weight V ]

-21486114.0000000000 -12089.0371093750 0.0003505477 

-997.1268310547 -0.0017266643 -48.8557395935 

0.0000000047 -24.7478084564 -15.9340372086 

[ Input ]

X_1 : -1.6837099791 -1.4541593790 2.1452183723 

X_2 : 5.0200405121 -1.3656762838 1.4398787022 

X_3 : 7.2511296272 -6.1256017685 -1.5098018646 

H_0 : -1.5465632677 3.3697268963 3.3849503994 

