[ PATNUM        ] : 499       
[ Current DRAM  ] : 32        

                    (row, col)
[ Dir & Dis     ] : (15 , 15 )
[ Input Address ] : fr 00001d7a
[ Input Address ] : to 00001e79

       0   1   2   3   4   5   6   7   8   9  10  11  12  13  14  15 
_____________________________________________________________________
  0 | 13  27   4  12  12  21  24  17  10  14  13  22  31  16   3  13 
  1 |  7  18  17  17  12  13  25  22  26  27   7   7  18  10   4   8 
  2 | 19   6  10  27  20   5  14  12   7  28   6   2  23  12  20  30 
  3 |  2  24  25   5   1  20   1  28  21   5   0  20  25   9   3  17 
  4 |  5   4  25   4   5   2   1  30  25  16   9  13  11  22  21   5 
  5 | 11  30  11  31  12  10  31  22  21   3  13   5   8  10   1  25 
  6 |  4  20   0  21  24  22  17  23  31  12  22  24  18  28  18   9 
  7 | 30  13  17  25   3   4  14   0  23   3   7   8  19   7   7  16 
  8 | 10  10   6  19  30   1  18  30  18  11   1  30  27   4  16   6 
  9 | 20   5  16   2  19  13  31  12  15  14  30   6   4  18  20   1 
 10 | 10  19  12  25   0  26  21  18   1   0  23  18  13  13  12  19 
 11 | 24   0   2   3   0  10  29   7   8   1  29  27  30  22   2  13 
 12 | 12  21   8  30  31  18  31  13  21  23  30  31   7  13  25  29 
 13 | 18  16  28  30   7  23  11  20   7  20   5   0  29  20   1  15 
 14 | 21  12  10  13  20  17  15  28  13  19  20   7   0  17   4  10 
 15 | 31  29   8  10  30   8   2  16   7  23  14   3  20   8  26  23 


[ GLCM  Address ] : fr 00002a7a
[ GLCM  Address ] : to 00002e79

[ Gold GLCM     ]

        0    1    2    3    4    5    6    7    8    9   10   11   12   13   14   15   16   17   18   19   20   21   22   23   24   25   26   27   28   29   30   31 
_____________________________________________________________________________________________________________________________________________________________________
  0 |   0    0    0    0    0    0    0    0    0    0    0    0    0    0    0    0    0    0    0    0    0    0    0    0    0    0    0    0    0    0    0    0 
  1 |   0    0    0    0    0    0    0    0    0    0    0    0    0    0    0    0    0    0    0    0    0    0    0    0    0    0    0    0    0    0    0    0 
  2 |   0    0    0    0    0    0    0    0    0    0    0    0    0    0    0    0    0    0    0    0    0    0    0    0    0    0    0    0    0    0    0    0 
  3 |   0    0    0    0    0    0    0    0    0    0    0    0    0    0    0    0    0    0    0    0    0    0    0    0    0    0    0    0    0    0    0    0 
  4 |   0    0    0    0    0    0    0    0    0    0    0    0    0    0    0    0    0    0    0    0    0    0    0    0    0    0    0    0    0    0    0    0 
  5 |   0    0    0    0    0    0    0    0    0    0    0    0    0    0    0    0    0    0    0    0    0    0    0    0    0    0    0    0    0    0    0    0 
  6 |   0    0    0    0    0    0    0    0    0    0    0    0    0    0    0    0    0    0    0    0    0    0    0    0    0    0    0    0    0    0    0    0 
  7 |   0    0    0    0    0    0    0    0    0    0    0    0    0    0    0    0    0    0    0    0    0    0    0    0    0    0    0    0    0    0    0    0 
  8 |   0    0    0    0    0    0    0    0    0    0    0    0    0    0    0    0    0    0    0    0    0    0    0    0    0    0    0    0    0    0    0    0 
  9 |   0    0    0    0    0    0    0    0    0    0    0    0    0    0    0    0    0    0    0    0    0    0    0    0    0    0    0    0    0    0    0    0 
 10 |   0    0    0    0    0    0    0    0    0    0    0    0    0    0    0    0    0    0    0    0    0    0    0    0    0    0    0    0    0    0    0    0 
 11 |   0    0    0    0    0    0    0    0    0    0    0    0    0    0    0    0    0    0    0    0    0    0    0    0    0    0    0    0    0    0    0    0 
 12 |   0    0    0    0    0    0    0    0    0    0    0    0    0    0    0    0    0    0    0    0    0    0    0    0    0    0    0    0    0    0    0    0 
 13 |   0    0    0    0    0    0    0    0    0    0    0    0    0    0    0    0    0    0    0    0    0    0    0    1    0    0    0    0    0    0    0    0 
 14 |   0    0    0    0    0    0    0    0    0    0    0    0    0    0    0    0    0    0    0    0    0    0    0    0    0    0    0    0    0    0    0    0 
 15 |   0    0    0    0    0    0    0    0    0    0    0    0    0    0    0    0    0    0    0    0    0    0    0    0    0    0    0    0    0    0    0    0 
 16 |   0    0    0    0    0    0    0    0    0    0    0    0    0    0    0    0    0    0    0    0    0    0    0    0    0    0    0    0    0    0    0    0 
 17 |   0    0    0    0    0    0    0    0    0    0    0    0    0    0    0    0    0    0    0    0    0    0    0    0    0    0    0    0    0    0    0    0 
 18 |   0    0    0    0    0    0    0    0    0    0    0    0    0    0    0    0    0    0    0    0    0    0    0    0    0    0    0    0    0    0    0    0 
 19 |   0    0    0    0    0    0    0    0    0    0    0    0    0    0    0    0    0    0    0    0    0    0    0    0    0    0    0    0    0    0    0    0 
 20 |   0    0    0    0    0    0    0    0    0    0    0    0    0    0    0    0    0    0    0    0    0    0    0    0    0    0    0    0    0    0    0    0 
 21 |   0    0    0    0    0    0    0    0    0    0    0    0    0    0    0    0    0    0    0    0    0    0    0    0    0    0    0    0    0    0    0    0 
 22 |   0    0    0    0    0    0    0    0    0    0    0    0    0    0    0    0    0    0    0    0    0    0    0    0    0    0    0    0    0    0    0    0 
 23 |   0    0    0    0    0    0    0    0    0    0    0    0    0    0    0    0    0    0    0    0    0    0    0    0    0    0    0    0    0    0    0    0 
 24 |   0    0    0    0    0    0    0    0    0    0    0    0    0    0    0    0    0    0    0    0    0    0    0    0    0    0    0    0    0    0    0    0 
 25 |   0    0    0    0    0    0    0    0    0    0    0    0    0    0    0    0    0    0    0    0    0    0    0    0    0    0    0    0    0    0    0    0 
 26 |   0    0    0    0    0    0    0    0    0    0    0    0    0    0    0    0    0    0    0    0    0    0    0    0    0    0    0    0    0    0    0    0 
 27 |   0    0    0    0    0    0    0    0    0    0    0    0    0    0    0    0    0    0    0    0    0    0    0    0    0    0    0    0    0    0    0    0 
 28 |   0    0    0    0    0    0    0    0    0    0    0    0    0    0    0    0    0    0    0    0    0    0    0    0    0    0    0    0    0    0    0    0 
 29 |   0    0    0    0    0    0    0    0    0    0    0    0    0    0    0    0    0    0    0    0    0    0    0    0    0    0    0    0    0    0    0    0 
 30 |   0    0    0    0    0    0    0    0    0    0    0    0    0    0    0    0    0    0    0    0    0    0    0    0    0    0    0    0    0    0    0    0 
 31 |   0    0    0    0    0    0    0    0    0    0    0    0    0    0    0    0    0    0    0    0    0    0    0    0    0    0    0    0    0    0    0    0 


[ Your GLCM     ]

        0    1    2    3    4    5    6    7    8    9   10   11   12   13   14   15   16   17   18   19   20   21   22   23   24   25   26   27   28   29   30   31 
_____________________________________________________________________________________________________________________________________________________________________
  0 |   0    0    0    0    0    0    0    0    0    0    0    0    0    0    0    0 *  1    0    0    0    0    0    0    0    0 *  1    0 *  1 *  1    0    0    0 
  1 |*  1    0    0    0 *  1    0    0    0    0    0    0    0    0    0    0    0    0    0    0    0    0    0    0    0    0 *  1    0    0    0    0    0 *  1 
  2 |   0    0    0    0    0    0    0    0    0    0    0    0    0    0    0    0    0 *  1    0 *  1    0    0    0 *  1    0    0    0    0    0 *  1    0    0 
  3 |   0 *  1    0 *  1    0    0    0    0    0 *  1    0    0    0    0 *  1    0    0    0    0    0    0    0    0 *  1    0    0    0    0    0    0 *  1    0 
  4 |   0    0    0    0    0    0    0    0    0    0    0    0    0    0    0    0 *  1    0    0    0    0    0    0    0 *  1 *  1    0    0    0    0    0    0 
  5 |   0    0    0    0    0    0    0    0    0    0 *  2    0    0    0    0    0 *  1    0    0    0    0    0    0    0    0    0    0    0    0    0 *  1    0 
  6 |   0    0    0    0    0    0    0    0    0    0    0    0    0    0    0    0    0 *  1    0    0    0    0 *  1    0    0    0    0    0    0    0    0    0 
  7 |   0    0    0 *  1    0    0    0    0    0    0 *  1    0 *  1 *  1    0    0    0    0    0    0 *  1    0    0 *  1    0    0    0    0    0    0    0    0 
  8 |   0    0    0 *  1    0    0    0    0    0    0    0    0    0    0    0    0    0    0    0    0    0    0 *  1    0 *  1    0    0    0    0 *  1    0    0 
  9 |   0    0    0    0    0    0    0 *  1    0    0    0    0    0    0    0    0    0    0    0    0    0    0    0 *  1 *  1    0    0    0    0    0    0 *  1 
 10 |   0    0    0 *  1    0    0    0    0    0 *  1    0    0    0    0 *  1    0    0    0 *  1    0    0    0 *  1    0    0 *  1    0    0    0    0    0    0 
 11 |   0    0    0    0    0    0    0    0    0    0    0    0    0    0    0 *  1    0    0 *  2    0    0    0    0    0    0    0    0    0    0 *  1 *  1    0 
 12 |*  1    0    0    0    0    0    0    0    0    0    0    0    0    0    0    0    0 *  2    0    0    0    0    0    0    0    0    0    0    0    0    0    0 
 13 |   0    0    0    0    0    0    0    0    0 *  1    0    0    0    0    0    0    0    0    0    0    0    0    0    1 *  1    0    0    0 *  1    0    0    0 
 14 |   0    0    0    0    0 *  1    0    0    0    0 *  1    0    0    0    0 *  1    0    0    0    0    0    0    0    0    0 *  2    0    0    0 *  1    0 *  1 
 15 |   0    0    0    0 *  1    0    0    0    0    0    0 *  1 *  1    0    0    0 *  1 *  1    0    0    0    0    0    0 *  1    0    0    0    0 *  1    0    0 
 16 |   0    0    0    0    0    0    0    0    0    0    0 *  1    0    0    0    0    0 *  1    0    0    0    0    0    0 *  1    0 *  1    0    0    0    0    0 
 17 |   0    0    0    0    0    0    0    0 *  1    0    0    0    0    0    0 *  1    0    0    0    0    0    0    0    0 *  1    0    0 *  1 *  1    0 *  1    0 
 18 |*  1    0 *  1    0    0    0    0    0    0    0    0 *  1    0    0    0 *  1    0    0    0    0    0    0    0    0 *  1 *  1    0 *  1    0    0    0    0 
 19 |*  1    0    0    0    0    0    0    0    0 *  1    0    0 *  1    0    0    0    0 *  1 *  1    0    0    0    0    0    0 *  1    0    0    0    0    0 *  1 
 20 |   0 *  1    0 *  1    0    0    0    0    0    0    0    0 *  1 *  1    0    0    0    0    0 *  1    0    0    0    0    0 *  1    0    0    0    0    0    0 
 21 |   0    0    0 *  1    0    0    0    0    0    0    0    0    0    0    0    0    0    0    0    0    0    0 *  1    0    0 *  1    0 *  1    0    0    0 *  1 
 22 |   0    0    0    0 *  1    0 *  1    0 *  1    0    0    0    0    0    0    0    0 *  1    0    0    0    0    0    0    0    0    0    0    0    0 *  1    0 
 23 |   0    0 *  1 *  1    0    0    0    0    0    0 *  1    0    0    0    0    0    0    0 *  1    0    0    0    0    0    0    0    0    0    0 *  2    0 *  1 
 24 |   0    0    0 *  2 *  1    0    0    0 *  1    0    0    0    0    0    0    0    0    0    0 *  1    0    0 *  1    0    0    0    0    0 *  1    0 *  1    0 
 25 |*  1    0    0    0    0    0    0    0 *  2    0 *  1    0    0    0    0 *  1    0    0    0    0    0    0    0    0    0    0 *  1    0    0    0    0 *  1 
 26 |   0 *  1    0    0    0    0    0    0    0    0    0    0    0    0 *  1    0    0    0    0 *  1    0    0    0    0    0    0    0    0    0    0    0    0 
 27 |   0    0    0    0    0    0    0    0    0    0    0    0    0    0    0    0    0    0    0    0 *  1    0    0    0    0    0    0    0    0    0 *  1    0 
 28 |   0    0    0    0    0    0    0 *  1    0    0 *  2    0 *  1    0    0    0    0    0    0 *  1    0 *  1    0    0    0    0    0    0 *  1    0    0 *  1 
 29 |   0    0    0    0    0 *  1    0    0 *  1    0    0    0    0    0 *  1    0    0    0 *  1    0    0    0 *  1    0    0 *  1    0 *  1    0    0    0    0 
 30 |*  1    0    0    0    0    0    0    0    0    0    0    0    0    0    0 *  1    0    0 *  1    0    0    0    0    0    0    0    0 *  1    0    0    0 *  1 
 31 |   0 *  2    0 *  1 *  1    0    0    0    0    0 *  1    0    0    0    0    0    0    0    0    0    0 *  1    0    0    0    0    0    0    0 *  1 *  1 *  1 


