[ PAT NO. 499 ]

[image matrix element ]

matrix index           0 
 20  36  32 190  85 107 
  8  25  95 147 174 238 
184   1 149 196 154 242 
 46 189 195 215   9 191 
190  19 100  60 208  94 
250 123  26 125  96 238 


matrix index           1 
192 121  80  38 203  88 
237 224 147 107 161 173 
111  69 174 183 180  16 
184  29 219 186 118  94 
107 144 100  74 120  81 
 11  38  22  21 245  69 


[kernel matrix element ]

151  30 232 
195 233 241 
126 160 236 


[weight matrix element ]

197 174 
250  24 


