[ PAT NO. 499 ]

[1. calculate convolution ]

[ kernel_matrix ]
151  30 232 
195 233 241 
126 160 236 


[ in_matrix convolute kernel_matrix 0]

feature_map 0 [          0][          0]
 20  36  32 
  8  25  95 
184   1 149 
  100312 

feature_map 0 [          0][          1]
 36  32 190 
 25  95 147 
  1 149 196 
  183135 

feature_map 0 [          0][          2]
 32 190  85 
 95 147 174 
149 196 154 
  211440 

feature_map 0 [          0][          3]
190  85 107 
147 174 238 
196 154 242 
  289077 

feature_map 0 [          1][          0]
  8  25  95 
184   1 149 
 46 189 195 
  178076 

feature_map 0 [          1][          1]
 25  95 147 
  1 149 196 
189 195 215 
  228631 

feature_map 0 [          1][          2]
 95 147 174 
149 196 154 
195 215   9 
  232054 

feature_map 0 [          1][          3]
147 174 238 
196 154 242 
215   9 191 
  288663 

feature_map 0 [          2][          0]
184   1 149 
 46 189 195 
190  19 100 
  212964 

feature_map 0 [          2][          1]
  1 149 196 
189 195 215 
 19 100  60 
  216752 

feature_map 0 [          2][          2]
149 196 154 
195 215   9 
100  60 208 
  225684 

feature_map 0 [          2][          3]
196 154 242 
215   9 191 
 60 208  94 
  243437 

feature_map 0 [          3][          0]
 46 189 195 
190  19 100 
250 123  26 
  180749 

feature_map 0 [          3][          1]
189 195 215 
 19 100  60 
123  26 125 
  174892 

feature_map 0 [          3][          2]
195 215   9 
100  60 208 
 26 125  96 
  167523 

feature_map 0 [          3][          3]
215   9 191 
 60 208  94 
125  96 238 
  247143 



[ in_matrix convolute kernel_matrix 1]

feature_map 1 [          0][          0]
192 121  80 
237 224 147 
111  69 174 
  251106 

feature_map 1 [          0][          1]
121  80  38 
224 147 107 
 69 174 183 
  212927 

feature_map 1 [          0][          2]
 80  38 203 
147 107 161 
174 183 180 
  246397 

feature_map 1 [          0][          3]
 38 203  88 
107 161 173 
183 180  16 
  187949 

feature_map 1 [          1][          0]
237 224 147 
111  69 174 
184  29 219 
  235775 

feature_map 1 [          1][          1]
224 147 107 
 69 174 183 
 29 219 186 
  243748 

feature_map 1 [          1][          2]
147 107 161 
174 183 180 
219 186 118 
  267910 

feature_map 1 [          1][          3]
107 161 173 
183 180  16 
186 118  94 
  207104 

feature_map 1 [          2][          0]
111  69 174 
184  29 219 
107 144 100 
  214737 

feature_map 1 [          2][          1]
 69 174 183 
 29 219 186 
144 100  74 
  211211 

feature_map 1 [          2][          2]
174 183 180 
219 186 118 
100  74 120 
  240765 

feature_map 1 [          2][          3]
183 180  16 
186 118  94 
 74 120  81 
  170803 

feature_map 1 [          3][          0]
184  29 219 
107 144 100 
 11  38  22 
  170637 

feature_map 1 [          3][          1]
 29 219 186 
144 100  74 
 38  22  21 
  136579 

feature_map 1 [          3][          2]
219 186 118 
100  74 120 
 22  21 245 
  195639 

feature_map 1 [          3][          3]
186 118  94 
 74 120  81 
 21 245  69 
  173475 



feature_map           0
  100312   183135   211440   289077 
  178076   228631   232054   288663 
  212964   216752   225684   243437 
  180749   174892   167523   247143 


feature_map           1
  251106   212927   246397   187949 
  235775   243748   267910   207104 
  214737   211211   240765   170803 
  170637   136579   195639   173475 




quantize_feature_map           0
 43  79  92 125 
 77  99 101 125 
 92  94  98 106 
 78  76  72 107 


quantize_feature_map           1
109  92 107  81 
102 106 116  90 
 93  92 104  74 
 74  59  85  75 




max_pool_map           0
 99 125 
 94 107 


max_pool_map           1
109 116 
 93 104 




fully_conn_out           0
 50753  20226 
 45268  18924 


fully_conn_out           1
 50473  21750 
 44321  18678 




fully_conn_flat           0
 50753  20226  45268  18924 

fully_conn_flat           1
 50473  21750  44321  18678 



quan_flat           0
 99  39  88  37 

quan_flat           1
 98  42  86  36 



L1_dist
   7 

act_L1_dist
   0 