
[=========================]
[Matrix Before Calculation]
[=========================]

[0 Calculation]  ABC' (3)
Index : [ 16 , 24 , 8  , ]

[ 0]    0    1    2    3      [ 1]    0    1    2    3      [ 2]    0    1    2    3      
_________________________     _________________________     _________________________     
  0|   -3   -4   -6   -8        0|   -6    5    5    7        0|   10    4   -8   -5      
  1|    0   -7   -6    6        1|    9    3   -4   -6        1|   -2   -3   -2    3      
  2|   -2   -5   10   -5        2|   -9    8   10   -1        2|   -9   -2   10    1      
  3|    9    7    4   -1        3|   -4   -9   -2    4        3|   -4   -9   -3   -6      

[1 Calculation]  ABC' (3)
Index : [ 8  , 23 , 0  , ]

[ 0]    0    1    2    3      [ 1]    0    1    2    3      [ 2]    0    1    2    3      
_________________________     _________________________     _________________________     
  0|   10   -2   -9   -4        0|    8    8  -10    1        0|  -10   -3    4   -8      
  1|    4   -3   -2   -9        1|    0    3   -1    5        1|    2    5    8   -8      
  2|   -8   -2   10   -3        2|    9   -8   -7   -9        2|   -8    2   -6   -3      
  3|   -5    3    1   -6        3|    6    2    2    6        3|  -10    1    4    6      

[2 Calculation]  ABC  (0)
Index : [ 28 , 25 , 6  , ]

[ 0]    0    1    2    3      [ 1]    0    1    2    3      [ 2]    0    1    2    3      
_________________________     _________________________     _________________________     
  0|    0    3    4   -2        0|   -5   -5   -8  -10        0|   -1    0   -8   -5      
  1|   -6    6    6   10        1|   -9   10    4    8        1|    8    2   -8    2      
  2|    1    7   -2    4        2|    1   -3   -6   -1        2|   -4    0    2   -8      
  3|  -10   -9    9   -6        3|    8   -4    4   -8        3|    0    3   -5    8      

[3 Calculation]  ABC' (3)
Index : [ 30 , 4  , 20 , ]

[ 0]    0    1    2    3      [ 1]    0    1    2    3      [ 2]    0    1    2    3      
_________________________     _________________________     _________________________     
  0|   -8    1    0    2        0|    9    5    5   -5        0|    2   -2    2    9      
  1|   -8    0    7    9        1|   10   -5   -9    8        1|    6    6   -8   10      
  2|    5  -10   -5   -8        2|    6    8  -10   -6        2|   10   -3    2   -4      
  3|   -6   -1    1    0        3|  -10   -4    2    2        3|   -4   -4   10    1      

[4 Calculation]  ABC' (3)
Index : [ 18 , 29 , 5  , ]

[ 0]    0    1    2    3      [ 1]    0    1    2    3      [ 2]    0    1    2    3      
_________________________     _________________________     _________________________     
  0|    8    7    1   -7        0|    4   -9   -6   -6        0|   -7    0    6   -3      
  1|  -10   -3   -4   -9        1|    1   -2   -2   -8        1|   -7    0    5    3      
  2|    6    3    2    9        2|    1   -4   -9    0        2|    0    0   -1    5      
  3|    3   -5   -5   -8        3|   10    2    1    3        3|   -4   -4   -1   -3      

[5 Calculation]  ABC  (0)
Index : [ 7  , 20 , 23 , ]

[ 0]    0    1    2    3      [ 1]    0    1    2    3      [ 2]    0    1    2    3      
_________________________     _________________________     _________________________     
  0|   10    9    3   -6        0|    2    6   10   -4        0|    8    8  -10    1      
  1|   -5   -3   -9    3        1|   -2    6   -3   -4        1|    0    3   -1    5      
  2|    8   -6   -6    1        2|    2   -8    2   10        2|    9   -8   -7   -9      
  3|    3   -4   -6    8        3|    9   10   -4    1        3|    6    2    2    6      

[6 Calculation]  ABC  (0)
Index : [ 27 , 31 , 21 , ]

[ 0]    0    1    2    3      [ 1]    0    1    2    3      [ 2]    0    1    2    3      
_________________________     _________________________     _________________________     
  0|   -1    2   -7    5        0|   -8   10    1   10        0|    3    8   -3    2      
  1|   -6   -8  -10    7        1|    6    5   -3    0        1|    2   -8   -4   -3      
  2|   -2    6    3    5        2|    4    7   10   -6        2|   -7   -3    3   -8      
  3|    3   -1   -8   10        3|    5    8    7    5        3|   -4    6  -10    0      

[7 Calculation]  ABC' (3)
Index : [ 30 , 16 , 4  , ]

[ 0]    0    1    2    3      [ 1]    0    1    2    3      [ 2]    0    1    2    3      
_________________________     _________________________     _________________________     
  0|   -8    1    0    2        0|   -3   -4   -6   -8        0|    9   10    6  -10      
  1|   -8    0    7    9        1|    0   -7   -6    6        1|    5   -5    8   -4      
  2|    5  -10   -5   -8        2|   -2   -5   10   -5        2|    5   -9  -10    2      
  3|   -6   -1    1    0        3|    9    7    4   -1        3|   -5    8   -6    2      

[8 Calculation]  AB'C (2)
Index : [ 30 , 14 , 16 , ]

[ 0]    0    1    2    3      [ 1]    0    1    2    3      [ 2]    0    1    2    3      
_________________________     _________________________     _________________________     
  0|   -8    1    0    2        0|    0   10    9   10        0|   -3   -4   -6   -8      
  1|   -8    0    7    9        1|    1    3   -4   -6        1|    0   -7   -6    6      
  2|    5  -10   -5   -8        2|   -6   -5   -8    4        2|   -2   -5   10   -5      
  3|   -6   -1    1    0        3|    1   -6   -3   -2        3|    9    7    4   -1      

[9 Calculation]  ABC' (3)
Index : [ 5  , 12 , 5  , ]

[ 0]    0    1    2    3      [ 1]    0    1    2    3      [ 2]    0    1    2    3      
_________________________     _________________________     _________________________     
  0|   -7   -7    0   -4        0|   -6   -2   -8   -9        0|   -7    0    6   -3      
  1|    0    0    0   -4        1|   10   -6   -8    7        1|   -7    0    5    3      
  2|    6    5   -1   -1        2|  -10   -6   -8   -7        2|    0    0   -1    5      
  3|   -3    3    5   -3        3|    7    6    6    8        3|   -4   -4   -1   -3      


[========================]
[Matrix after Calculation]
[========================]

[0 Calculation]  Gold trace :             3125

[       0]          0          1          2          3    [       1]          0          1          2          3    [       2]          0          1          2          3    
_______________________________________________________   _______________________________________________________   _______________________________________________________   
        0|                                                        0|         68         -3        -43        -23            0|       1165        574       -899       -254    
        1|                                                        1|        -33       -123        -44         72            1|         24       -323       -146       -680    
        2|                                                        2|       -103        100        120        -14            2|      -2254       -826       1866       1019    
        3|                                                        3|        -23        107         59         13            3|      -1027       -648        521        417    

[1 Calculation]  Gold trace :             -710

[       0]          0          1          2          3    [       1]          0          1          2          3    [       2]          0          1          2          3    
_______________________________________________________   _______________________________________________________   _______________________________________________________   
        0|                                                        0|        -25        138        -43         57            0|        300        736       1490       -433    
        1|                                                        1|        -40         21        -41        -47            1|       1240         96         66         -7    
        2|                                                        2|          8       -156          6       -126            2|        820       -918      -1756        410    
        3|                                                        3|        -67        -51         28        -35            3|        694        -33       -984        650    

[2 Calculation]  Gold trace :              599

[       0]          0          1          2          3    [       1]          0          1          2          3    [       2]          0          1          2          3    
_______________________________________________________   _______________________________________________________   _______________________________________________________   
        0|                                                        0|        -39         26        -20         36            0|        327        160       -116        695    
        1|                                                        1|         62         32         76         22            1|       -110        130       -710       -678    
        2|                                                        2|        -38         55         48         16            2|        286        158       -120         44    
        3|                                                        3|         92        -43        -34         67            3|       -300        115       -795        262    

[3 Calculation]  Gold trace :            -2518

[       0]          0          1          2          3    [       1]          0          1          2          3    [       2]          0          1          2          3    
_______________________________________________________   _______________________________________________________   _______________________________________________________   
        0|                                                        0|        -82        -53        -45         52            0|      -1140       -227        690      -1036    
        1|                                                        1|       -120        -20        -92         16            1|      -1344        332       -104       -896    
        2|                                                        2|         -5         67        149        -91            2|       2246        329      -1158        -62    
        3|                                                        3|        -58        -17        -31         16            3|       -592         43        118       -552    

[4 Calculation]  Gold trace :             2104

[       0]          0          1          2          3    [       1]          0          1          2          3    [       2]          0          1          2          3    
_______________________________________________________   _______________________________________________________   _______________________________________________________   
        0|                                                        0|        -30       -104        -78       -125            0|       1438        500       -497       -237    
        1|                                                        1|       -137         94         93         57            1|         73       -228       -502        987    
        2|                                                        2|        119        -50        -51        -33            2|       -351        132        548       -663    
        3|                                                        3|        -78        -13         29         -2            3|        645          8       -560        346    

[5 Calculation]  Gold trace :              293

[       0]          0          1          2          3    [       1]          0          1          2          3    [       2]          0          1          2          3    
_______________________________________________________   _______________________________________________________   _______________________________________________________   
        0|                                                        0|        -46         30        103        -52            0|        247      -1206       -395      -1135    
        1|                                                        1|          5         54        -71        -55            1|       -929        660        283        584    
        2|                                                        2|         25         70         82        -67            2|        536       -380      -1028       -765    
        3|                                                        3|         74        122         -2        -48            3|        286        878       -944        414    

[6 Calculation]  Gold trace :              855

[       0]          0          1          2          3    [       1]          0          1          2          3    [       2]          0          1          2          3    
_______________________________________________________   _______________________________________________________   _______________________________________________________   
        0|                                                        0|         17         -9        -42         57            0|         99        676       -711        397    
        1|                                                        1|         -5       -114        -33         35            1|       -152       1181         22        596    
        2|                                                        2|         89         71         45        -13            2|        146        -69       -286       -395    
        3|                                                        3|        -12         49         -4        128            3|       -422        292      -1452       -139    

[7 Calculation]  Gold trace :              393

[       0]          0          1          2          3    [       1]          0          1          2          3    [       2]          0          1          2          3    
_______________________________________________________   _______________________________________________________   _______________________________________________________   
        0|                                                        0|         42         39         50         68            0|        483        319       -344       -340    
        1|                                                        1|         91         60        154         20            1|       1789       -616       -634       -802    
        2|                                                        2|        -77         19        -52        -67            2|       -523       -933        612        456    
        3|                                                        3|         16         26         52         37            3|        349       -142       -438        -86    

[8 Calculation]  Gold trace :             2217

[       0]          0          1          2          3    [       1]          0          1          2          3    [       2]          0          1          2          3    
_______________________________________________________   _______________________________________________________   _______________________________________________________   
        0|                                                        0|          3        -89        -82        -90            0|       -655        391       -664        -58    
        1|                                                        1|        -33       -169       -155        -70            1|       -221       1600       -618         95    
        2|                                                        2|         12         93        149        106            2|        620       -702       1284       -389    
        3|                                                        3|         -7        -68        -58        -50            3|       -313        444       -330        -12    

[9 Calculation]  Gold trace :               -2

[       0]          0          1          2          3    [       1]          0          1          2          3    [       2]          0          1          2          3    
_______________________________________________________   _______________________________________________________   _______________________________________________________   
        0|                                                        0|        -56         32         88        -18            0|        240         72       -246        758    
        1|                                                        1|        -28        -24        -24        -32            1|        492        128       -232        -12    
        2|                                                        2|         17        -42        -86        -20            2|        255         80         -2       -547    
        3|                                                        3|        -23        -60        -58        -11            3|        625         44       -369       -368    

