[PAT NO.    9]

[Matrix size : 4 ]

[================]
[Matrix Operation]
[================]

    idx1  idx2  idx3  mode
0   16    24    8     ABC' (3)
1   8     23    0     ABC' (3)
2   28    25    6     ABC  (0)
3   30    4     20    ABC' (3)
4   18    29    5     ABC' (3)
5   7     20    23    ABC  (0)
6   27    31    21    ABC  (0)
7   30    16    4     ABC' (3)
8   30    14    16    AB'C (2)
9   5     12    5     ABC' (3)

[======]
[Matrix]
[======]

[ 0]    0    1    2    3      [ 1]    0    1    2    3      [ 2]    0    1    2    3      [ 3]    0    1    2    3      
_________________________     _________________________     _________________________     _________________________     
  0|  -10    2   -8  -10        0|   -9   -4   -7   -9        0|   -5    1    1    4        0|    4   -7    0   -6      
  1|   -3    5    2    1        1|    8   -4    2   -9        1|   -5  -10    2    5        1|   -2    4   -5   -4      
  2|    4    8   -6    4        2|    1   -2   10    6        2|    2    5    8   -3        2|   -1    7    9    7      
  3|   -8   -8   -3    6        3|   -9    2   -2   -1        3|    1   -1    3  -10        3|    0   -1   -8   10      

[ 4]    0    1    2    3      [ 5]    0    1    2    3      [ 6]    0    1    2    3      [ 7]    0    1    2    3      
_________________________     _________________________     _________________________     _________________________     
  0|    9    5    5   -5        0|   -7   -7    0   -4        0|   -1    0   -8   -5        0|   10    9    3   -6      
  1|   10   -5   -9    8        1|    0    0    0   -4        1|    8    2   -8    2        1|   -5   -3   -9    3      
  2|    6    8  -10   -6        2|    6    5   -1   -1        2|   -4    0    2   -8        2|    8   -6   -6    1      
  3|  -10   -4    2    2        3|   -3    3    5   -3        3|    0    3   -5    8        3|    3   -4   -6    8      

[ 8]    0    1    2    3      [ 9]    0    1    2    3      [10]    0    1    2    3      [11]    0    1    2    3      
_________________________     _________________________     _________________________     _________________________     
  0|   10   -2   -9   -4        0|    9    0    6   -6        0|    1   -1    4    7        0|   10    5    7   -5      
  1|    4   -3   -2   -9        1|   -9    2   10    7        1|   -9   -8    8  -10        1|   -6    6   -4   -5      
  2|   -8   -2   10   -3        2|    0   -5    4   -9        2|   -3    0   -7   -2        2|    8   -6    0    7      
  3|   -5    3    1   -6        3|    8    4   -4   -4        3|  -10    0    9    1        3|    1    3   -6    4      

[12]    0    1    2    3      [13]    0    1    2    3      [14]    0    1    2    3      [15]    0    1    2    3      
_________________________     _________________________     _________________________     _________________________     
  0|   -6   -2   -8   -9        0|   -3    1    4    2        0|    0    1   -6    1        0|    4    7    1    9      
  1|   10   -6   -8    7        1|    7   -7    3  -10        1|   10    3   -5   -6        1|    9   -3   -9    1      
  2|  -10   -6   -8   -7        2|   -1   -6    9   -1        2|    9   -4   -8   -3        2|    9   -5    5    7      
  3|    7    6    6    8        3|  -10    9   10   -6        3|   10   -6    4   -2        3|   -4   -6   -8    0      

[16]    0    1    2    3      [17]    0    1    2    3      [18]    0    1    2    3      [19]    0    1    2    3      
_________________________     _________________________     _________________________     _________________________     
  0|   -3   -4   -6   -8        0|   -5   -7    9    5        0|    8    7    1   -7        0|    1   -5   -5   10      
  1|    0   -7   -6    6        1|    9    1   -1   -9        1|  -10   -3   -4   -9        1|   -7   -5    8   -4      
  2|   -2   -5   10   -5        2|   -2    1   -1    6        2|    6    3    2    9        2|   -1   -4    8    5      
  3|    9    7    4   -1        3|    2    5    4    3        3|    3   -5   -5   -8        3|    8   -6    8    0      

[20]    0    1    2    3      [21]    0    1    2    3      [22]    0    1    2    3      [23]    0    1    2    3      
_________________________     _________________________     _________________________     _________________________     
  0|    2    6   10   -4        0|    3    8   -3    2        0|    3   -7    5   -7        0|    8    8  -10    1      
  1|   -2    6   -3   -4        1|    2   -8   -4   -3        1|    3  -10    8   -9        1|    0    3   -1    5      
  2|    2   -8    2   10        2|   -7   -3    3   -8        2|    0   -3    3    5        2|    9   -8   -7   -9      
  3|    9   10   -4    1        3|   -4    6  -10    0        3|   -6   -8    3   -4        3|    6    2    2    6      

[24]    0    1    2    3      [25]    0    1    2    3      [26]    0    1    2    3      [27]    0    1    2    3      
_________________________     _________________________     _________________________     _________________________     
  0|   -6    5    5    7        0|   -5   -5   -8  -10        0|    6   -2   -2   -6        0|   -1    2   -7    5      
  1|    9    3   -4   -6        1|   -9   10    4    8        1|    0    3    6   -8        1|   -6   -8  -10    7      
  2|   -9    8   10   -1        2|    1   -3   -6   -1        2|    2    0   -4    0        2|   -2    6    3    5      
  3|   -4   -9   -2    4        3|    8   -4    4   -8        3|  -10   -2    5    9        3|    3   -1   -8   10      

[28]    0    1    2    3      [29]    0    1    2    3      [30]    0    1    2    3      [31]    0    1    2    3      
_________________________     _________________________     _________________________     _________________________     
  0|    0    3    4   -2        0|    4   -9   -6   -6        0|   -8    1    0    2        0|   -8   10    1   10      
  1|   -6    6    6   10        1|    1   -2   -2   -8        1|   -8    0    7    9        1|    6    5   -3    0      
  2|    1    7   -2    4        2|    1   -4   -9    0        2|    5  -10   -5   -8        2|    4    7   10   -6      
  3|  -10   -9    9   -6        3|   10    2    1    3        3|   -6   -1    1    0        3|    5    8    7    5      

