[ PAT NO. 499 ]

[ Weight U ]

0.0000001589 1405098.1250000000 -0.0000008818 

-4682339.5000000000 -0.0382984281 0.0000000069 

0.0002370070 0.0114377523 -588.0535278320 

[ Weight W ]

-15465398.0000000000 -0.0000001612 -3326.7687988281 

247.7792816162 0.0000000200 -0.0000016906 

-3899823.2500000000 -406.1891479492 -0.0060255602 

[ Weight V ]

0.0015827871 -3806.1286621094 -35736828.0000000000 

3.8140678406 0.0000006800 -0.3183895946 

-0.0000226955 -3.1378214359 0.0000017683 

[ Input ]

X_1 : -7.6700105667 4.7574715614 4.0209293365 

X_2 : -1.0315780640 -3.3168551922 3.7074656487 

X_3 : 1.4947603941 1.1079756021 -1.3942388296 

H_0 : -1.8520895243 1.5816643238 -2.3592391014 

