[ PAT NO. 9 ]

[1. calculate convolution ]

[ kernel_matrix ]
187 105 142 
203 234 146 
152  31  29 


[ in_matrix convolute kernel_matrix 0]

feature_map 0 [          0][          0]
166  18  53 
145  90  87 
164 145 255 
  140473 

feature_map 0 [          0][          1]
 18  53  97 
 90  87 122 
145 255 136 
  113034 

feature_map 0 [          0][          2]
 53  97 212 
 87 122  78 
255 136 191 
  156312 

feature_map 0 [          0][          3]
 97 212 150 
122  78  44 
136 191  95 
  140489 

feature_map 0 [          1][          0]
145  90  87 
164 145 255 
 29 174 176 
  168277 

feature_map 0 [          1][          1]
 90  87 122 
145 255 136 
174 176 193 
  189751 

feature_map 0 [          1][          2]
 87 122  78 
255 136 191 
176 193  76 
  186569 

feature_map 0 [          1][          3]
122  78  44 
136 191  95 
193  76  55 
  156711 

feature_map 0 [          2][          0]
164 145 255 
 29 174 176 
132 216 140 
  185222 

feature_map 0 [          2][          1]
145 255 136 
174 176 193 
216 140 199 
  220829 

feature_map 0 [          2][          2]
255 136 191 
176 193  76 
140 199   9 
  208783 

feature_map 0 [          2][          3]
136 191  95 
193  76  55 
199   9  94 
  157223 

feature_map 0 [          3][          0]
 29 174 176 
132 216 140 
 56 146 193 
  165100 

feature_map 0 [          3][          1]
174 176 193 
216 140 199 
146 193  32 
  213189 

feature_map 0 [          3][          2]
176 193  76 
140 199   9 
193  32  32 
  171525 

feature_map 0 [          3][          3]
193  76  55 
199   9  94 
 32  32  64 
  115820 



[ in_matrix convolute kernel_matrix 1]

feature_map 1 [          0][          0]
 75  14 216 
166  14 141 
188 121 182 
  141332 

feature_map 1 [          0][          1]
 14 216  73 
 14 141 211 
121 182  29 
  127181 

feature_map 1 [          0][          2]
216  73 190 
141 211 102 
182  29 138 
  200491 

feature_map 1 [          0][          3]
 73 190 219 
211 102  43 
 29 138  13 
  146741 

feature_map 1 [          1][          0]
166  14 141 
188 121 182 
192  47  27 
  177008 

feature_map 1 [          1][          1]
 14 141 211 
121 182  29 
 47  27  70 
  128781 

feature_map 1 [          1][          2]
141 211 102 
182  29 138 
 27  70 126 
  136814 

feature_map 1 [          1][          3]
211 102  43 
 29 138  13 
 70 126 225 
  117421 

feature_map 1 [          2][          0]
188 121 182 
192  47  27 
203 224  11 
  165740 

feature_map 1 [          2][          1]
121 182  29 
 47  27  70 
224  11 208 
  112355 

feature_map 1 [          2][          2]
182  29 138 
 27  70 126 
 11 208  90 
  107662 

feature_map 1 [          2][          3]
 29 138  13 
 70 126 225 
208  90  59 
  134420 

feature_map 1 [          3][          0]
192  47  27 
203 224  11 
231  28 115 
  179219 

feature_map 1 [          3][          1]
 47  27  70 
224  11 208 
 28 115 200 
  113599 

feature_map 1 [          3][          2]
 27  70 126 
 11 208  90 
115 200 116 
  121380 

feature_map 1 [          3][          3]
 70 126 225 
208  90  59 
200 116 189 
  169645 



feature_map           0
  140473   113034   156312   140489 
  168277   189751   186569   156711 
  185222   220829   208783   157223 
  165100   213189   171525   115820 


feature_map           1
  141332   127181   200491   146741 
  177008   128781   136814   117421 
  165740   112355   107662   134420 
  179219   113599   121380   169645 




quantize_feature_map           0
 61  49  68  61 
 73  82  81  68 
 80  96  90  68 
 71  92  74  50 


quantize_feature_map           1
 61  55  87  63 
 77  56  59  51 
 72  48  46  58 
 78  49  52  73 




max_pool_map           0
 82  81 
 96  90 


max_pool_map           1
 77  87 
 78  73 




fully_conn_out           0
 14749  35524 
 16818  40488 


fully_conn_out           1
 14867  35852 
 13653  32868 




fully_conn_flat           0
 14749  35524  16818  40488 

fully_conn_flat           1
 14867  35852  13653  32868 



quan_flat           0
 28  69  32  79 

quan_flat           1
 29  70  26  64 



L1_dist
  23 

act_L1_dist
  23 