[ PAT NO. 9 ]

[image matrix element ]

matrix index           0 
166  18  53  97 212 150 
145  90  87 122  78  44 
164 145 255 136 191  95 
 29 174 176 193  76  55 
132 216 140 199   9  94 
 56 146 193  32  32  64 


matrix index           1 
 75  14 216  73 190 219 
166  14 141 211 102  43 
188 121 182  29 138  13 
192  47  27  70 126 225 
203 224  11 208  90  59 
231  28 115 200 116 189 


[kernel matrix element ]

187 105 142 
203 234 146 
152  31  29 


[weight matrix element ]

 88 208 
 93 228 


