[ PATNUM        ] : 0         
[ cg_en         ] : 1

[ img matrix (down) ]
       0   1   2   3   4   5 
_____________________________
  0 | 61  21 153 166 114  91 
  1 | 78  83 235  25 199 213 
  2 | 56  46  59 223 194  97 
  3 |169 196  25   8 141  14 
  4 | 36 138 138 240  44 206 
  5 |224 161 208 124 207 149 


[ ker matrix ]
       0   1   2 
_________________
  0 |153 211  94 
  1 | 36  12 214 
  2 | 69 141  26 


[ convolution matrix(down) ]
           0       1       2       3 
_____________________________________
  0 |  94124   79549  161055  152139 
  1 | 106678  131977  112771  117747 
  2 |  63136   84737  149992  117267 
  3 | 145612  137660   73249  127160 


[ quantization matrix(down) ]
        0    1    2    3 
_________________________
  0 |  41   34   70   66 
  1 |  46   57   49   51 
  2 |  27   36   65   51 
  3 |  63   59   31   55 


[ max-pooling matrix(down) ]
        0    1 
_______________
  0 |  57   70 
  1 |  63   65 


[ weight matrix ]
       0   1 
_____________
  0 |199   9 
  1 | 74  38 


[ fully connected vector(down) ]
_____________
  0 | 16523 
  1 |  3173 
  2 | 17347 
  3 |  3037 


[ quant. vector(down) ]
_____________
  0 | 32 
  1 |  6 
  2 | 34 
  3 |  5 


[ L1_distance ] :         16
[ golden_out  ] :         16
[ your_out    ] :          0


