[ PATNUM        ] : 0         
[ cg_en         ] : 0

[ img matrix (up) ]
       0   1   2   3   4   5 
_____________________________
  0 |  1 178  49  21 227 208 
  1 |255 203 217 221 249   3 
  2 |  0 158 205 139 120 100 
  3 | 62 211 234  72 230 221 
  4 |118 215  76 141 251  14 
  5 |101  99 198 194 103 137 


[ ker matrix ]
       0   1   2 
_________________
  0 |153 211  94 
  1 | 36  12 214 
  2 | 69 141  26 


[ convolution matrix(up) ]
           0       1       2       3 
_____________________________________
  0 | 127979  140174  133880  111359 
  1 | 188125  184939  170244  157622 
  2 | 147881  135524  162133  154117 
  3 | 125171  167044  174450  122875 


[ quantization matrix(up) ]
        0    1    2    3 
_________________________
  0 |  55   61   58   48 
  1 |  81   80   74   68 
  2 |  64   59   70   67 
  3 |  54   72   76   53 


[ max-pooling matrix(up) ]
        0    1 
_______________
  0 |  81   74 
  1 |  72   76 


[ weight matrix ]
       0   1 
_____________
  0 |199   9 
  1 | 74  38 


[ fully connected vector(up) ]
_____________
  0 | 21595 
  1 |  3541 
  2 | 19952 
  3 |  3536 


[ quant. vector(up) ]
_____________
  0 | 42 
  1 |  6 
  2 | 39 
  3 |  6 


[ L1_distance ] :         16
[ golden_out  ] :         16
[ your_out    ] :          x


